0.0 2013
1.0 3340
2.0 1293
3.0 664
4.0 312
5.0 213
6.0 134
7.0 79
8.0 27
9.0 17
10.0 12
11.0 8
12.0 7
13.0 8
14.0 3
15.0 4
16.0 3
17.0 5
18.0 4
19.0 7
20.0 8
21.0 4
22.0 3
23.0 3
24.0 1
25.0 6
26.0 4
27.0 4
28.0 4
29.0 6
30.0 3
31.0 2
32.0 1
33.0 1
34.0 3
35.0 3
36.0 5
37.0 1
38.0 0
39.0 2
40.0 3
41.0 0
42.0 5
43.0 6
44.0 3
45.0 4
46.0 4
47.0 3
48.0 3
49.0 0
50.0 1
51.0 2
52.0 0
53.0 2
54.0 1
55.0 4
56.0 1
57.0 3
58.0 2
59.0 4
60.0 5
61.0 3
62.0 1
63.0 2
64.0 6
65.0 4
66.0 0
67.0 1
68.0 2
69.0 3
70.0 1
71.0 1
72.0 0
73.0 4
74.0 0
75.0 2
76.0 0
77.0 3
78.0 1
79.0 2
80.0 5
81.0 0
82.0 5
83.0 1
84.0 1
85.0 3
86.0 1
87.0 1
88.0 4
89.0 1
90.0 2
91.0 1
92.0 2
93.0 4
94.0 1
95.0 3
96.0 1
97.0 3
98.0 1
99.0 2
100.0 2
101.0 3
102.0 1
103.0 2
104.0 3
105.0 2
106.0 2
107.0 3
108.0 2
109.0 2
110.0 2
111.0 0
112.0 3
113.0 3
114.0 3
115.0 2
116.0 3
117.0 1
118.0 2
119.0 3
120.0 0
121.0 1
122.0 1
123.0 2
124.0 1
