# messageDelay  cumulativeProbability
0.1000 0.0010
3.4000 0.0020
13.3000 0.0030
18.4000 0.0040
19.1000 0.0050
30.3000 0.0060
52.6000 0.0070
62.2000 0.0080
62.4000 0.0090
64.2000 0.0100
71.5000 0.0110
83.2000 0.0120
87.8000 0.0130
88.1000 0.0140
90.5000 0.0150
94.5000 0.0160
94.6000 0.0170
94.8000 0.0180
112.7000 0.0190
123.1000 0.0200
135.7000 0.0210
139.0000 0.0220
143.3000 0.0230
147.9000 0.0240
148.0000 0.0250
148.3000 0.0260
154.7000 0.0270
172.2000 0.0280
180.0000 0.0290
180.1000 0.0300
180.5000 0.0310
182.3000 0.0320
183.0000 0.0330
184.1000 0.0340
207.9000 0.0350
208.2000 0.0360
210.4000 0.0370
213.9000 0.0380
223.7000 0.0390
237.5000 0.0400
237.6000 0.0410
237.7000 0.0420
240.7000 0.0430
243.9000 0.0440
244.4000 0.0450
244.6000 0.0460
250.5000 0.0470
253.0000 0.0480
267.7000 0.0490
267.8000 0.0500
268.2000 0.0510
268.4000 0.0520
268.5000 0.0530
268.6000 0.0540
292.4000 0.0550
292.5000 0.0560
295.9000 0.0570
299.0000 0.0580
300.4000 0.0590
302.8000 0.0600
310.6000 0.0610
310.7000 0.0620
326.4000 0.0630
326.9000 0.0640
339.4000 0.0650
348.1000 0.0660
348.3000 0.0670
348.4000 0.0680
360.6000 0.0690
360.9000 0.0700
363.2000 0.0710
378.4000 0.0720
378.5000 0.0730
385.9000 0.0740
386.1000 0.0750
386.2000 0.0760
388.0000 0.0770
393.7000 0.0780
404.4000 0.0790
408.0000 0.0800
409.0000 0.0810
412.3000 0.0820
419.1000 0.0830
420.8000 0.0840
424.0000 0.0850
424.3000 0.0860
432.3000 0.0870
446.0000 0.0880
446.8000 0.0890
447.7000 0.0900
448.1000 0.0910
448.3000 0.0920
449.5000 0.0930
449.7000 0.0940
459.1000 0.0950
463.8000 0.0960
468.1000 0.0970
468.4000 0.0980
480.2000 0.0990
482.9000 0.1000
483.3000 0.1010
484.5000 0.1020
490.8000 0.1030
490.9000 0.1040
491.0000 0.1050
492.5000 0.1060
495.4000 0.1070
498.6000 0.1080
506.6000 0.1090
507.0000 0.1100
508.7000 0.1110
518.4000 0.1120
518.9000 0.1130
528.2000 0.1140
528.5000 0.1150
539.9000 0.1160
555.5000 0.1170
566.7000 0.1180
567.1000 0.1190
567.2000 0.1200
567.3000 0.1210
573.5000 0.1220
573.8000 0.1230
574.0000 0.1240
575.1000 0.1250
578.5000 0.1260
579.5000 0.1270
583.5000 0.1280
583.6000 0.1290
584.0000 0.1300
584.1000 0.1310
588.3000 0.1320
588.7000 0.1330
600.3000 0.1340
604.7000 0.1350
612.4000 0.1360
614.9000 0.1370
615.2000 0.1380
615.3000 0.1390
615.7000 0.1400
628.8000 0.1410
629.4000 0.1420
631.6000 0.1430
635.2000 0.1440
639.0000 0.1450
644.2000 0.1460
648.8000 0.1470
654.8000 0.1480
675.8000 0.1490
681.8000 0.1500
681.9000 0.1510
682.5000 0.1520
688.1000 0.1530
689.6000 0.1540
689.8000 0.1550
693.6000 0.1560
696.4000 0.1570
703.4000 0.1580
703.9000 0.1590
704.3000 0.1600
704.5000 0.1610
704.7000 0.1620
708.9000 0.1630
709.2000 0.1640
717.4000 0.1650
717.7000 0.1660
717.9000 0.1670
719.2000 0.1680
734.5000 0.1690
735.8000 0.1700
738.3000 0.1710
742.7000 0.1720
743.1000 0.1730
745.8000 0.1740
746.3000 0.1750
746.5000 0.1760
747.8000 0.1770
747.9000 0.1780
754.1000 0.1790
755.6000 0.1800
762.1000 0.1810
768.6000 0.1820
769.1000 0.1830
774.4000 0.1840
777.0000 0.1850
777.8000 0.1860
779.1000 0.1870
779.2000 0.1880
794.6000 0.1890
795.6000 0.1900
814.2000 0.1910
815.5000 0.1920
822.3000 0.1930
824.2000 0.1940
824.4000 0.1950
828.2000 0.1960
829.3000 0.1970
834.6000 0.1980
834.7000 0.1990
838.4000 0.2000
839.3000 0.2010
854.2000 0.2020
854.8000 0.2030
861.1000 0.2040
861.2000 0.2050
862.6000 0.2060
868.0000 0.2070
873.6000 0.2080
874.7000 0.2090
875.3000 0.2100
877.9000 0.2110
882.2000 0.2120
883.7000 0.2130
884.1000 0.2140
884.3000 0.2150
894.3000 0.2160
894.5000 0.2170
897.5000 0.2180
915.6000 0.2190
916.1000 0.2200
918.7000 0.2210
933.7000 0.2220
934.4000 0.2230
935.0000 0.2240
937.7000 0.2250
943.6000 0.2260
943.9000 0.2270
947.4000 0.2280
947.8000 0.2290
954.7000 0.2300
958.5000 0.2310
958.6000 0.2320
958.7000 0.2330
975.7000 0.2340
976.0000 0.2350
976.3000 0.2360
982.1000 0.2370
982.3000 0.2380
992.6000 0.2390
994.0000 0.2400
994.3000 0.2410
994.5000 0.2420
994.6000 0.2430
994.9000 0.2440
995.4000 0.2450
997.8000 0.2460
1003.5000 0.2470
1006.8000 0.2480
1014.4000 0.2490
1015.0000 0.2500
1018.9000 0.2510
1034.4000 0.2520
1035.1000 0.2530
1035.4000 0.2540
1041.7000 0.2550
1042.0000 0.2560
1042.8000 0.2570
1043.0000 0.2580
1051.1000 0.2590
1054.8000 0.2600
1057.6000 0.2610
1064.0000 0.2620
1064.6000 0.2630
1068.1000 0.2640
1074.0000 0.2650
1074.2000 0.2660
1074.5000 0.2670
1077.1000 0.2680
1078.8000 0.2690
1094.3000 0.2700
1094.7000 0.2710
1095.0000 0.2720
1095.5000 0.2730
1095.9000 0.2740
1096.2000 0.2750
1096.4000 0.2760
1105.2000 0.2770
1111.2000 0.2780
1112.2000 0.2790
1113.8000 0.2800
1113.9000 0.2810
1115.7000 0.2820
1123.8000 0.2830
1127.7000 0.2840
1128.3000 0.2850
1135.0000 0.2860
1158.3000 0.2870
1158.4000 0.2880
1171.6000 0.2890
1171.9000 0.2900
1172.1000 0.2910
1176.6000 0.2920
1181.9000 0.2930
1183.4000 0.2940
1187.3000 0.2950
1187.5000 0.2960
1187.6000 0.2970
1188.2000 0.2980
1194.1000 0.2990
1194.3000 0.3000
1194.6000 0.3010
1194.9000 0.3020
1196.8000 0.3030
1197.2000 0.3040
1197.3000 0.3050
1200.8000 0.3060
1218.6000 0.3070
1220.9000 0.3080
1222.2000 0.3090
1222.4000 0.3100
1231.3000 0.3110
1231.4000 0.3120
1231.5000 0.3130
1242.0000 0.3140
1247.9000 0.3150
1248.0000 0.3160
1254.8000 0.3170
1254.9000 0.3180
1259.0000 0.3190
1259.3000 0.3200
1261.0000 0.3210
1278.5000 0.3220
1280.8000 0.3230
1281.3000 0.3240
1281.4000 0.3250
1291.7000 0.3260
1291.8000 0.3270
1319.2000 0.3280
1341.0000 0.3290
1346.6000 0.3300
1348.3000 0.3310
1349.2000 0.3320
1349.5000 0.3330
1352.4000 0.3340
1352.5000 0.3350
1369.6000 0.3360
1372.3000 0.3370
1378.8000 0.3380
1398.2000 0.3390
1401.8000 0.3400
1469.3000 0.3410
1472.0000 0.3420
1472.3000 0.3430
1521.4000 0.3440
1521.5000 0.3450
1529.6000 0.3460
1534.9000 0.3470
1549.2000 0.3480
1582.0000 0.3490
1582.0000 0.3500
1588.9000 0.3510
1589.7000 0.3520
1609.3000 0.3530
1609.8000 0.3540
1618.6000 0.3550
1619.0000 0.3560
1641.6000 0.3570
1641.7000 0.3580
1648.7000 0.3590
1649.4000 0.3600
1655.1000 0.3610
1655.2000 0.3620
1669.4000 0.3630
1669.9000 0.3640
1678.9000 0.3650
1680.9000 0.3660
1700.9000 0.3670
1708.8000 0.3680
1709.0000 0.3690
1729.5000 0.3700
1734.1000 0.3710
1735.0000 0.3720
1735.3000 0.3730
1739.1000 0.3740
1760.6000 0.3750
1760.7000 0.3760
1775.0000 0.3770
1777.5000 0.3780
1783.9000 0.3790
1789.7000 0.3800
1790.0000 0.3810
1793.7000 0.3820
1795.6000 0.3830
1795.7000 0.3840
1798.7000 0.3850
1810.8000 0.3860
1816.7000 0.3870
1816.8000 0.3880
1816.9000 0.3890
1817.1000 0.3900
1821.5000 0.3910
1829.1000 0.3920
1837.6000 0.3930
1843.2000 0.3940
1843.7000 0.3950
1844.0000 0.3960
1859.3000 0.3970
1867.2000 0.3980
1871.3000 0.3990
1871.7000 0.4000
1880.8000 0.4010
1881.3000 0.4020
1881.9000 0.4030
1881.9000 0.4040
1897.2000 0.4050
1903.4000 0.4060
1903.5000 0.4070
1903.6000 0.4080
1903.8000 0.4090
1908.2000 0.4100
1913.8000 0.4110
1914.4000 0.4120
1914.8000 0.4130
1926.6000 0.4140
1926.7000 0.4150
1926.9000 0.4160
1927.0000 0.4170
1931.1000 0.4180
1937.3000 0.4190
1937.4000 0.4200
1941.1000 0.4210
1941.2000 0.4220
1941.7000 0.4230
1948.6000 0.4240
1948.7000 0.4250
1951.0000 0.4260
1964.3000 0.4270
1973.6000 0.4280
1974.7000 0.4290
1979.8000 0.4300
1980.2000 0.4310
1981.1000 0.4320
1986.3000 0.4330
1991.2000 0.4340
1991.5000 0.4350
1997.2000 0.4360
2001.0000 0.4370
2003.7000 0.4380
2008.2000 0.4390
2010.2000 0.4400
2010.3000 0.4410
2012.3000 0.4420
2012.7000 0.4430
2012.8000 0.4440
2013.0000 0.4450
2016.2000 0.4460
2019.2000 0.4470
2023.3000 0.4480
2023.4000 0.4490
2034.0000 0.4500
2034.5000 0.4510
2035.1000 0.4520
2051.4000 0.4530
2061.6000 0.4540
2061.8000 0.4550
2068.8000 0.4560
2070.1000 0.4570
2070.6000 0.4580
2070.7000 0.4590
2072.5000 0.4600
2073.1000 0.4610
2084.1000 0.4620
2093.9000 0.4630
2094.6000 0.4640
2095.4000 0.4650
2095.5000 0.4660
2100.6000 0.4670
2100.7000 0.4680
2106.5000 0.4690
2117.5000 0.4700
2117.6000 0.4710
2118.6000 0.4720
2130.8000 0.4730
2137.3000 0.4740
2137.4000 0.4750
2139.3000 0.4760
2139.9000 0.4770
2143.1000 0.4780
2143.9000 0.4790
2148.0000 0.4800
2154.9000 0.4810
2155.2000 0.4820
2155.5000 0.4830
2160.8000 0.4840
2166.4000 0.4850
2166.8000 0.4860
2170.9000 0.4870
2171.6000 0.4880
2173.1000 0.4890
2188.3000 0.4900
2190.5000 0.4910
2202.9000 0.4920
2204.6000 0.4930
2204.9000 0.4940
2205.3000 0.4950
2214.2000 0.4960
2214.5000 0.4970
2214.9000 0.4980
2215.2000 0.4990
2219.9000 0.5000
2220.1000 0.5010
2221.2000 0.5020
2222.1000 0.5030
2222.2000 0.5040
2224.6000 0.5050
2231.0000 0.5060
2248.4000 0.5070
2252.4000 0.5080
2260.0000 0.5090
2263.3000 0.5100
2263.6000 0.5110
2263.8000 0.5120
2264.4000 0.5130
2265.0000 0.5140
2265.6000 0.5150
2268.1000 0.5160
2274.3000 0.5170
2274.6000 0.5180
2275.0000 0.5190
2280.0000 0.5200
2280.4000 0.5210
2280.9000 0.5220
2281.2000 0.5230
2281.8000 0.5240
2290.6000 0.5250
2290.9000 0.5260
2291.4000 0.5270
2308.5000 0.5280
2319.1000 0.5290
2319.8000 0.5300
2322.8000 0.5310
2322.9000 0.5320
2323.0000 0.5330
2323.2000 0.5340
2323.7000 0.5350
2324.2000 0.5360
2328.1000 0.5370
2328.7000 0.5380
2328.8000 0.5390
2334.7000 0.5400
2335.3000 0.5410
2341.0000 0.5420
2347.1000 0.5430
2350.5000 0.5440
2350.8000 0.5450
2350.9000 0.5460
2351.2000 0.5470
2351.3000 0.5480
2357.0000 0.5490
2363.5000 0.5500
2366.1000 0.5510
2370.9000 0.5520
2372.2000 0.5530
2382.3000 0.5540
2383.5000 0.5550
2385.1000 0.5560
2385.7000 0.5570
2385.9000 0.5580
2388.3000 0.5590
2389.0000 0.5600
2389.2000 0.5610
2400.3000 0.5620
2400.5000 0.5630
2401.6000 0.5640
2401.9000 0.5650
2403.2000 0.5660
2404.8000 0.5670
2405.3000 0.5680
2411.5000 0.5690
2426.6000 0.5700
2426.7000 0.5710
2430.4000 0.5720
2432.6000 0.5730
2439.6000 0.5740
2439.7000 0.5750
2442.5000 0.5760
2443.1000 0.5770
2445.8000 0.5780
2448.0000 0.5790
2448.0000 0.5800
2448.2000 0.5810
2448.4000 0.5820
2448.5000 0.5830
2454.2000 0.5840
2455.1000 0.5850
2463.4000 0.5860
2463.8000 0.5870
2464.7000 0.5880
2470.6000 0.5890
2470.7000 0.5900
2483.6000 0.5910
2485.4000 0.5920
2492.5000 0.5930
2492.9000 0.5940
2499.5000 0.5950
2514.1000 0.5960
2514.8000 0.5970
2515.4000 0.5980
2521.1000 0.5990
2521.4000 0.6000
2531.6000 0.6010
2542.1000 0.6020
2545.6000 0.6030
2546.2000 0.6040
2559.4000 0.6050
2562.4000 0.6060
2562.8000 0.6070
2565.2000 0.6080
2568.4000 0.6090
2568.6000 0.6100
2574.0000 0.6110
2576.3000 0.6120
2581.5000 0.6130
2583.3000 0.6140
2584.0000 0.6150
2584.2000 0.6160
2584.3000 0.6170
2584.5000 0.6180
2585.4000 0.6190
2590.7000 0.6200
2598.7000 0.6210
2603.2000 0.6220
2605.9000 0.6230
2606.0000 0.6240
2622.2000 0.6250
2623.2000 0.6260
2624.8000 0.6270
2628.2000 0.6280
2636.1000 0.6290
2636.4000 0.6300
2642.0000 0.6310
2642.4000 0.6320
2642.9000 0.6330
2643.0000 0.6340
2643.6000 0.6350
2643.9000 0.6360
2645.1000 0.6370
2645.4000 0.6380
2645.6000 0.6390
2650.8000 0.6400
2651.0000 0.6410
2654.5000 0.6420
2658.2000 0.6430
2665.7000 0.6440
2665.8000 0.6450
2680.7000 0.6460
2682.0000 0.6470
2682.7000 0.6480
2685.4000 0.6490
2688.3000 0.6500
2688.9000 0.6510
2689.1000 0.6520
2693.8000 0.6530
2701.3000 0.6540
2702.5000 0.6550
2703.2000 0.6560
2704.4000 0.6570
2705.2000 0.6580
2711.1000 0.6590
2723.3000 0.6600
2723.5000 0.6610
2726.5000 0.6620
2732.4000 0.6630
2742.1000 0.6640
2742.6000 0.6650
2744.7000 0.6660
2745.5000 0.6670
2761.7000 0.6680
2763.5000 0.6690
2764.1000 0.6700
2764.9000 0.6710
2774.4000 0.6720
2785.3000 0.6730
2786.8000 0.6740
2808.1000 0.6750
2813.7000 0.6760
2823.7000 0.6770
2824.6000 0.6780
2845.5000 0.6790
2846.3000 0.6800
2846.4000 0.6810
2863.0000 0.6820
2875.3000 0.6830
2876.6000 0.6840
2883.1000 0.6850
2885.3000 0.6860
2914.6000 0.6870
2933.5000 0.6880
2933.6000 0.6890
2936.5000 0.6900
2943.3000 0.6910
2945.0000 0.6920
2945.5000 0.6930
2958.5000 0.6940
2963.4000 0.6950
2967.5000 0.6960
2974.9000 0.6970
2983.4000 0.6980
2993.9000 0.6990
2994.9000 0.7000
2996.2000 0.7010
3002.7000 0.7020
3018.1000 0.7030
3034.3000 0.7040
3034.7000 0.7050
3035.2000 0.7060
3054.8000 0.7070
3055.1000 0.7080
3056.0000 0.7090
3078.4000 0.7100
3114.7000 0.7110
3115.0000 0.7120
3122.6000 0.7130
3122.8000 0.7140
3181.6000 0.7150
3182.3000 0.7160
3198.3000 0.7170
3218.4000 0.7180
3235.2000 0.7190
3235.4000 0.7200
3241.9000 0.7210
3275.0000 0.7220
3278.3000 0.7230
3280.9000 0.7240
3281.2000 0.7250
3281.4000 0.7260
3281.8000 0.7270
3283.2000 0.7280
3334.8000 0.7290
3341.1000 0.7300
3341.9000 0.7310
3343.3000 0.7320
3361.7000 0.7330
3391.5000 0.7340
3395.1000 0.7350
3460.7000 0.7360
3460.8000 0.7370
3520.5000 0.7380
3531.7000 0.7390
3540.7000 0.7400
3541.8000 0.7410
3580.4000 0.7420
3581.3000 0.7430
3581.6000 0.7440
3587.2000 0.7450
3587.7000 0.7460
3588.5000 0.7470
3589.0000 0.7480
3592.1000 0.7490
3600.5000 0.7500
3625.2000 0.7510
3641.0000 0.7520
3641.5000 0.7530
3646.9000 0.7540
3647.0000 0.7550
3647.3000 0.7560
3647.5000 0.7570
3647.9000 0.7580
3651.9000 0.7590
3652.3000 0.7600
3652.4000 0.7610
3684.4000 0.7620
3701.7000 0.7630
3760.6000 0.7640
3766.7000 0.7650
3768.2000 0.7660
3768.6000 0.7670
3769.2000 0.7680
3771.6000 0.7690
3772.0000 0.7700
3803.7000 0.7710
3804.3000 0.7720
3804.5000 0.7730
3806.0000 0.7740
3829.1000 0.7750
3831.8000 0.7760
3832.2000 0.7770
3864.1000 0.7780
3864.2000 0.7790
3864.7000 0.7800
3864.8000 0.7810
3866.2000 0.7820
3888.1000 0.7830
3888.7000 0.7840
3900.6000 0.7850
3924.0000 0.7860
3924.6000 0.7870
3925.4000 0.7880
3925.6000 0.7890
3947.6000 0.7900
3947.8000 0.7910
3948.4000 0.7920
3948.8000 0.7930
3983.9000 0.7940
3984.9000 0.7950
3985.0000 0.7960
3985.9000 0.7970
4007.1000 0.7980
4008.0000 0.7990
4045.3000 0.8000
4045.5000 0.8010
4068.3000 0.8020
4068.9000 0.8030
4103.8000 0.8040
4105.1000 0.8050
4105.7000 0.8060
4105.8000 0.8070
4106.1000 0.8080
4126.8000 0.8090
4127.4000 0.8100
