0.0 2397
1.0 4068
2.0 1491
3.0 729
4.0 441
5.0 290
6.0 118
7.0 57
8.0 33
9.0 19
10.0 18
11.0 7
12.0 10
13.0 9
14.0 8
15.0 7
16.0 5
17.0 5
18.0 7
19.0 5
20.0 10
21.0 5
22.0 2
23.0 3
24.0 6
25.0 4
26.0 4
27.0 2
28.0 5
29.0 5
30.0 4
31.0 9
32.0 3
33.0 3
34.0 4
35.0 3
36.0 6
37.0 0
38.0 2
39.0 2
40.0 5
41.0 2
42.0 1
43.0 5
44.0 6
45.0 3
46.0 1
47.0 3
48.0 1
49.0 1
50.0 1
51.0 3
52.0 2
53.0 3
54.0 0
55.0 2
56.0 5
57.0 5
58.0 2
59.0 4
60.0 2
61.0 2
62.0 3
63.0 2
64.0 3
65.0 1
66.0 2
67.0 0
68.0 1
69.0 3
70.0 0
71.0 5
72.0 6
73.0 2
74.0 1
75.0 1
76.0 2
77.0 2
78.0 3
79.0 3
80.0 4
81.0 0
82.0 3
83.0 1
84.0 3
85.0 3
86.0 4
87.0 2
88.0 1
89.0 0
90.0 2
91.0 2
92.0 3
93.0 1
94.0 2
95.0 3
96.0 0
97.0 2
98.0 0
99.0 3
100.0 1
101.0 2
102.0 1
103.0 0
104.0 3
105.0 3
106.0 2
107.0 1
108.0 3
109.0 2
110.0 1
111.0 3
112.0 2
113.0 3
114.0 2
115.0 0
116.0 3
117.0 1
118.0 7
119.0 4
120.0 1
121.0 1
122.0 1
123.0 0
124.0 0
125.0 0
126.0 0
127.0 1
128.0 0
