0.0 3043
1.0 4866
2.0 1772
3.0 862
4.0 478
5.0 273
6.0 214
7.0 85
8.0 41
9.0 25
10.0 16
11.0 6
12.0 7
13.0 11
14.0 9
15.0 12
16.0 6
17.0 4
18.0 5
19.0 5
20.0 5
21.0 3
22.0 7
23.0 2
24.0 6
25.0 2
26.0 6
27.0 5
28.0 4
29.0 6
30.0 4
31.0 1
32.0 2
33.0 7
34.0 6
35.0 3
36.0 1
37.0 6
38.0 5
39.0 3
40.0 3
41.0 3
42.0 3
43.0 5
44.0 4
45.0 5
46.0 3
47.0 1
48.0 3
49.0 2
50.0 2
51.0 4
52.0 5
53.0 4
54.0 4
55.0 0
56.0 4
57.0 4
58.0 4
59.0 4
60.0 4
61.0 2
62.0 0
63.0 2
64.0 2
65.0 3
66.0 2
67.0 7
68.0 2
69.0 1
70.0 2
71.0 5
72.0 3
73.0 8
74.0 3
75.0 5
76.0 2
77.0 5
78.0 4
79.0 1
80.0 3
81.0 2
82.0 4
83.0 1
84.0 2
85.0 5
86.0 2
87.0 2
88.0 2
89.0 2
90.0 1
91.0 3
92.0 3
93.0 4
94.0 2
95.0 0
96.0 0
97.0 4
98.0 1
99.0 3
100.0 1
101.0 6
102.0 1
103.0 4
104.0 3
105.0 3
106.0 4
107.0 3
108.0 2
109.0 1
110.0 1
111.0 7
112.0 2
113.0 0
114.0 1
115.0 2
116.0 1
117.0 2
118.0 0
119.0 2
120.0 4
121.0 2
122.0 0
123.0 0
124.0 1
125.0 0
