# messageDelay  cumulativeProbability
0.1000 0.0010
7.8000 0.0020
24.7000 0.0030
27.0000 0.0040
33.1000 0.0050
34.6000 0.0060
42.8000 0.0070
52.1000 0.0080
52.3000 0.0090
59.7000 0.0100
71.3000 0.0110
77.2000 0.0120
100.9000 0.0130
102.9000 0.0140
105.7000 0.0150
120.1000 0.0160
138.7000 0.0170
143.2000 0.0180
157.8000 0.0190
165.3000 0.0200
165.8000 0.0210
166.0000 0.0220
179.6000 0.0230
179.9000 0.0240
180.0000 0.0250
200.0000 0.0260
203.5000 0.0270
207.8000 0.0280
220.7000 0.0290
224.1000 0.0300
224.6000 0.0310
225.4000 0.0320
232.0000 0.0330
232.0000 0.0340
239.5000 0.0350
240.4000 0.0360
243.9000 0.0370
244.3000 0.0380
257.3000 0.0390
263.3000 0.0400
265.2000 0.0410
279.1000 0.0420
280.2000 0.0430
280.6000 0.0440
286.1000 0.0450
286.7000 0.0460
299.8000 0.0470
299.8000 0.0480
300.2000 0.0490
300.3000 0.0500
302.9000 0.0510
304.0000 0.0520
323.4000 0.0530
344.8000 0.0540
345.9000 0.0550
346.2000 0.0560
346.6000 0.0570
347.2000 0.0580
351.9000 0.0590
356.8000 0.0600
359.9000 0.0610
360.0000 0.0620
362.6000 0.0630
377.4000 0.0640
377.9000 0.0650
400.3000 0.0660
400.5000 0.0670
404.9000 0.0680
405.7000 0.0690
405.8000 0.0700
407.0000 0.0710
411.8000 0.0720
417.0000 0.0730
422.7000 0.0740
423.1000 0.0750
424.1000 0.0760
437.8000 0.0770
444.9000 0.0780
445.3000 0.0790
460.4000 0.0800
464.7000 0.0810
465.5000 0.0820
466.2000 0.0830
477.2000 0.0840
478.3000 0.0850
482.8000 0.0860
491.6000 0.0870
493.3000 0.0880
494.5000 0.0890
500.3000 0.0900
504.8000 0.0910
505.6000 0.0920
525.6000 0.0930
525.8000 0.0940
526.1000 0.0950
526.9000 0.0960
537.3000 0.0970
537.5000 0.0980
537.6000 0.0990
543.0000 0.1000
544.2000 0.1010
553.9000 0.1020
554.6000 0.1030
555.2000 0.1040
585.9000 0.1050
586.0000 0.1060
586.3000 0.1070
589.1000 0.1080
589.6000 0.1090
597.9000 0.1100
606.6000 0.1110
608.6000 0.1120
613.4000 0.1130
614.0000 0.1140
614.7000 0.1150
615.5000 0.1160
620.1000 0.1170
624.7000 0.1180
625.5000 0.1190
644.4000 0.1200
646.8000 0.1210
647.1000 0.1220
658.0000 0.1230
658.1000 0.1240
658.2000 0.1250
665.9000 0.1260
666.1000 0.1270
666.4000 0.1280
674.2000 0.1290
675.7000 0.1300
677.7000 0.1310
685.0000 0.1320
685.1000 0.1330
685.4000 0.1340
704.5000 0.1350
709.3000 0.1360
716.9000 0.1370
717.4000 0.1380
728.8000 0.1390
733.1000 0.1400
733.5000 0.1410
733.8000 0.1420
734.3000 0.1430
736.3000 0.1440
738.1000 0.1450
740.2000 0.1460
740.4000 0.1470
752.2000 0.1480
758.0000 0.1490
765.9000 0.1500
769.5000 0.1510
769.9000 0.1520
776.6000 0.1530
776.7000 0.1540
777.1000 0.1550
786.0000 0.1560
786.2000 0.1570
786.3000 0.1580
786.5000 0.1590
788.7000 0.1600
795.4000 0.1610
797.6000 0.1620
798.0000 0.1630
798.2000 0.1640
811.8000 0.1650
812.1000 0.1660
817.9000 0.1670
826.0000 0.1680
845.8000 0.1690
850.0000 0.1700
853.7000 0.1710
855.1000 0.1720
857.5000 0.1730
857.9000 0.1740
858.4000 0.1750
858.5000 0.1760
858.7000 0.1770
859.1000 0.1780
864.1000 0.1790
872.3000 0.1800
886.1000 0.1810
889.6000 0.1820
889.7000 0.1830
890.0000 0.1840
892.0000 0.1850
892.3000 0.1860
913.6000 0.1870
914.1000 0.1880
914.9000 0.1890
915.3000 0.1900
918.3000 0.1910
918.6000 0.1920
918.8000 0.1930
918.9000 0.1940
931.9000 0.1950
949.4000 0.1960
949.7000 0.1970
950.6000 0.1980
958.4000 0.1990
968.5000 0.2000
973.2000 0.2010
974.4000 0.2020
975.0000 0.2030
975.6000 0.2040
999.6000 0.2050
1004.8000 0.2060
1009.8000 0.2070
1010.0000 0.2080
1012.2000 0.2090
1034.8000 0.2100
1036.7000 0.2110
1038.8000 0.2120
1044.4000 0.2130
1088.4000 0.2140
1092.7000 0.2150
1098.7000 0.2160
1104.2000 0.2170
1119.3000 0.2180
1122.7000 0.2190
1123.5000 0.2200
1123.9000 0.2210
1129.2000 0.2220
1129.9000 0.2230
1131.3000 0.2240
1131.8000 0.2250
1132.4000 0.2260
1152.6000 0.2270
1158.2000 0.2280
1179.0000 0.2290
1179.7000 0.2300
1182.5000 0.2310
1184.2000 0.2320
1191.6000 0.2330
1191.7000 0.2340
1205.5000 0.2350
1205.6000 0.2360
1206.9000 0.2370
1219.0000 0.2380
1224.3000 0.2390
1225.5000 0.2400
1239.5000 0.2410
1244.1000 0.2420
1244.4000 0.2430
1247.8000 0.2440
1249.5000 0.2450
1249.8000 0.2460
1250.5000 0.2470
1252.1000 0.2480
1252.5000 0.2490
1253.8000 0.2500
1258.2000 0.2510
1272.3000 0.2520
1284.0000 0.2530
1292.0000 0.2540
1295.3000 0.2550
1298.9000 0.2560
1302.4000 0.2570
1302.4000 0.2580
1302.8000 0.2590
1304.0000 0.2600
1311.9000 0.2610
1318.5000 0.2620
1323.7000 0.2630
1326.7000 0.2640
1333.0000 0.2650
1333.5000 0.2660
1338.9000 0.2670
1340.5000 0.2680
1340.9000 0.2690
1355.2000 0.2700
1359.1000 0.2710
1359.4000 0.2720
1362.3000 0.2730
1362.3000 0.2740
1362.6000 0.2750
1362.6000 0.2760
1362.6000 0.2770
1363.6000 0.2780
1363.8000 0.2790
1378.4000 0.2800
1392.4000 0.2810
1392.5000 0.2820
1392.9000 0.2830
1398.3000 0.2840
1400.4000 0.2850
1422.5000 0.2860
1423.0000 0.2870
1423.1000 0.2880
1423.4000 0.2890
1424.1000 0.2900
1424.5000 0.2910
1426.8000 0.2920
1441.8000 0.2930
1445.7000 0.2940
1446.2000 0.2950
1446.3000 0.2960
1452.7000 0.2970
1453.2000 0.2980
1456.1000 0.2990
1456.3000 0.3000
1458.4000 0.3010
1460.2000 0.3020
1460.8000 0.3030
1478.8000 0.3040
1479.2000 0.3050
1482.9000 0.3060
1483.6000 0.3070
1483.7000 0.3080
1498.3000 0.3090
1505.4000 0.3100
1505.8000 0.3110
1506.1000 0.3120
1506.5000 0.3130
1512.6000 0.3140
1520.7000 0.3150
1543.2000 0.3160
1543.8000 0.3170
1544.6000 0.3180
1565.9000 0.3190
1566.6000 0.3200
1566.8000 0.3210
1572.1000 0.3220
1572.2000 0.3230
1573.3000 0.3240
1575.5000 0.3250
1592.1000 0.3260
1592.2000 0.3270
1593.0000 0.3280
1593.5000 0.3290
1602.7000 0.3300
1603.3000 0.3310
1603.7000 0.3320
1604.0000 0.3330
1604.3000 0.3340
1604.7000 0.3350
1623.2000 0.3360
1640.6000 0.3370
1642.5000 0.3380
1650.3000 0.3390
1651.9000 0.3400
1663.9000 0.3410
1678.1000 0.3420
1686.0000 0.3430
1693.1000 0.3440
1695.6000 0.3450
1696.0000 0.3460
1700.3000 0.3470
1710.2000 0.3480
1712.3000 0.3490
1713.9000 0.3500
1714.0000 0.3510
1714.1000 0.3520
1726.9000 0.3530
1738.0000 0.3540
1746.4000 0.3550
1752.8000 0.3560
1753.6000 0.3570
1755.7000 0.3580
1755.8000 0.3590
1770.5000 0.3600
1773.8000 0.3610
1797.9000 0.3620
1802.0000 0.3630
1813.4000 0.3640
1816.2000 0.3650
1821.0000 0.3660
1830.4000 0.3670
1832.0000 0.3680
1832.9000 0.3690
1861.7000 0.3700
1861.9000 0.3710
1868.0000 0.3720
1868.3000 0.3730
1875.4000 0.3740
1875.9000 0.3750
1891.8000 0.3760
1893.4000 0.3770
1894.2000 0.3780
1904.9000 0.3790
1907.7000 0.3800
1921.5000 0.3810
1934.6000 0.3820
1935.0000 0.3830
1935.6000 0.3840
1936.1000 0.3850
1952.5000 0.3860
1953.2000 0.3870
1953.3000 0.3880
1953.7000 0.3890
1965.0000 0.3900
1968.3000 0.3910
1968.6000 0.3920
1968.7000 0.3930
1981.6000 0.3940
1982.1000 0.3950
1988.1000 0.3960
1994.8000 0.3970
1995.1000 0.3980
2010.6000 0.3990
2012.4000 0.4000
2054.7000 0.4010
2055.8000 0.4020
2066.6000 0.4030
2067.4000 0.4040
2072.6000 0.4050
2072.8000 0.4060
2073.1000 0.4070
2088.8000 0.4080
2115.3000 0.4090
2115.4000 0.4100
2115.5000 0.4110
2116.0000 0.4120
2124.6000 0.4130
2124.7000 0.4140
2127.3000 0.4150
2127.6000 0.4160
2127.9000 0.4170
2132.7000 0.4180
2133.6000 0.4190
2140.5000 0.4200
2144.7000 0.4210
2147.8000 0.4220
2148.1000 0.4230
2175.7000 0.4240
2176.2000 0.4250
2187.0000 0.4260
2201.0000 0.4270
2205.1000 0.4280
2207.0000 0.4290
2207.5000 0.4300
2207.9000 0.4310
2208.9000 0.4320
2235.9000 0.4330
2244.3000 0.4340
2244.8000 0.4350
2245.4000 0.4360
2245.9000 0.4370
2246.2000 0.4380
2247.8000 0.4390
2248.1000 0.4400
2267.2000 0.4410
2267.4000 0.4420
2304.9000 0.4430
2305.0000 0.4440
2305.1000 0.4450
2306.2000 0.4460
2306.4000 0.4470
2314.4000 0.4480
2314.7000 0.4490
2322.4000 0.4500
2326.8000 0.4510
2327.1000 0.4520
2328.4000 0.4530
2340.4000 0.4540
2354.9000 0.4550
2365.2000 0.4560
2365.5000 0.4570
2366.5000 0.4580
2366.5000 0.4590
2366.8000 0.4600
2368.0000 0.4610
2370.6000 0.4620
2370.9000 0.4630
2381.5000 0.4640
2381.8000 0.4650
2383.1000 0.4660
2387.6000 0.4670
2388.0000 0.4680
2388.5000 0.4690
2389.0000 0.4700
2395.2000 0.4710
2402.8000 0.4720
2411.1000 0.4730
2414.5000 0.4740
2419.3000 0.4750
2425.3000 0.4760
2425.6000 0.4770
2426.9000 0.4780
2431.4000 0.4790
2442.2000 0.4800
2444.8000 0.4810
2447.7000 0.4820
2448.2000 0.4830
2449.5000 0.4840
2449.7000 0.4850
2455.2000 0.4860
2455.3000 0.4870
2456.0000 0.4880
2456.8000 0.4890
2462.7000 0.4900
2470.9000 0.4910
2475.2000 0.4920
2484.5000 0.4930
2486.0000 0.4940
2486.6000 0.4950
2486.7000 0.4960
2487.0000 0.4970
2490.8000 0.4980
2491.6000 0.4990
2493.4000 0.5000
2497.4000 0.5010
2502.3000 0.5020
2502.8000 0.5030
2506.7000 0.5040
2509.6000 0.5050
2520.3000 0.5060
2530.7000 0.5070
2531.2000 0.5080
2545.7000 0.5090
2546.1000 0.5100
2546.3000 0.5110
2546.8000 0.5120
2547.1000 0.5130
2547.7000 0.5140
2553.5000 0.5150
2554.1000 0.5160
2554.2000 0.5170
2554.3000 0.5180
2554.5000 0.5190
2561.4000 0.5200
2561.7000 0.5210
2562.1000 0.5220
2563.2000 0.5230
2566.9000 0.5240
2567.3000 0.5250
2569.5000 0.5260
2575.4000 0.5270
2575.7000 0.5280
2576.4000 0.5290
2576.7000 0.5300
2582.9000 0.5310
2604.4000 0.5320
2605.8000 0.5330
2607.2000 0.5340
2607.5000 0.5350
2611.1000 0.5360
2613.7000 0.5370
2614.0000 0.5380
2614.6000 0.5390
2615.1000 0.5400
2635.9000 0.5410
2648.3000 0.5420
2659.4000 0.5430
2660.3000 0.5440
2660.7000 0.5450
2661.4000 0.5460
2661.6000 0.5470
2669.9000 0.5480
2670.7000 0.5490
2671.3000 0.5500
2673.6000 0.5510
2673.9000 0.5520
2674.8000 0.5530
2675.0000 0.5540
2681.6000 0.5550
2681.9000 0.5560
2682.0000 0.5570
2682.5000 0.5580
2689.3000 0.5590
2695.5000 0.5600
2695.8000 0.5610
2696.5000 0.5620
2707.6000 0.5630
2707.8000 0.5640
2710.8000 0.5650
2720.6000 0.5660
2721.3000 0.5670
2721.7000 0.5680
2727.2000 0.5690
2733.8000 0.5700
2734.9000 0.5710
2737.5000 0.5720
2742.9000 0.5730
2755.6000 0.5740
2756.0000 0.5750
2756.2000 0.5760
2756.2000 0.5770
2771.0000 0.5780
2779.5000 0.5790
2779.7000 0.5800
2779.8000 0.5810
2780.2000 0.5820
2780.6000 0.5830
2780.8000 0.5840
2781.0000 0.5850
2781.1000 0.5860
2781.8000 0.5870
2786.9000 0.5880
2791.2000 0.5890
2791.5000 0.5900
2802.7000 0.5910
2815.3000 0.5920
2816.3000 0.5930
2816.5000 0.5940
2816.6000 0.5950
2827.3000 0.5960
2828.2000 0.5970
2840.0000 0.5980
2840.1000 0.5990
2840.4000 0.6000
2840.8000 0.6010
2846.3000 0.6020
2846.4000 0.6030
2846.7000 0.6040
2847.1000 0.6050
2849.5000 0.6060
2857.3000 0.6070
2857.6000 0.6080
2862.3000 0.6090
2862.6000 0.6100
2863.0000 0.6110
2869.6000 0.6120
2875.9000 0.6130
2876.1000 0.6140
2876.3000 0.6150
2900.5000 0.6160
2900.9000 0.6170
2902.0000 0.6180
2911.0000 0.6190
2915.1000 0.6200
2917.7000 0.6210
2922.5000 0.6220
2923.6000 0.6230
2935.1000 0.6240
2935.8000 0.6250
2948.0000 0.6260
2959.2000 0.6270
2960.1000 0.6280
2960.4000 0.6290
2960.7000 0.6300
2961.9000 0.6310
2969.6000 0.6320
2969.7000 0.6330
2982.2000 0.6340
3007.4000 0.6350
3007.7000 0.6360
3008.1000 0.6370
3019.3000 0.6380
3034.9000 0.6390
3035.2000 0.6400
3043.3000 0.6410
3044.5000 0.6420
3049.4000 0.6430
3049.4000 0.6440
3049.5000 0.6450
3056.4000 0.6460
3067.5000 0.6470
3067.9000 0.6480
3079.6000 0.6490
3079.8000 0.6500
3079.9000 0.6510
3080.2000 0.6520
3080.2000 0.6530
3080.4000 0.6540
3080.9000 0.6550
3090.0000 0.6560
3103.0000 0.6570
3116.1000 0.6580
3138.1000 0.6590
3139.4000 0.6600
3139.9000 0.6610
3140.1000 0.6620
3140.3000 0.6630
3140.5000 0.6640
3141.0000 0.6650
3141.2000 0.6660
3156.9000 0.6670
3162.6000 0.6680
3162.9000 0.6690
3186.0000 0.6700
3201.5000 0.6710
3209.8000 0.6720
3216.8000 0.6730
3219.7000 0.6740
3222.7000 0.6750
3237.8000 0.6760
3245.6000 0.6770
3245.9000 0.6780
3246.4000 0.6790
3254.2000 0.6800
3260.0000 0.6810
3260.3000 0.6820
3276.7000 0.6830
3283.1000 0.6840
3283.5000 0.6850
3285.5000 0.6860
3285.6000 0.6870
3297.5000 0.6880
3342.8000 0.6890
3343.2000 0.6900
3343.4000 0.6910
3345.7000 0.6920
3365.3000 0.6930
3366.5000 0.6940
3366.6000 0.6950
3373.9000 0.6960
3374.0000 0.6970
3374.3000 0.6980
3402.4000 0.6990
3418.3000 0.7000
3418.4000 0.7010
3418.6000 0.7020
3434.1000 0.7030
3440.5000 0.7040
3450.4000 0.7050
3486.2000 0.7060
3493.8000 0.7070
3532.1000 0.7080
3532.2000 0.7090
3537.6000 0.7100
3538.2000 0.7110
3546.1000 0.7120
3546.3000 0.7130
3570.2000 0.7140
3570.3000 0.7150
3592.3000 0.7160
3593.3000 0.7170
3597.7000 0.7180
3614.4000 0.7190
3658.1000 0.7200
3665.7000 0.7210
3665.8000 0.7220
3777.9000 0.7230
3778.0000 0.7240
3778.5000 0.7250
3812.0000 0.7260
3812.1000 0.7270
3812.2000 0.7280
3932.3000 0.7290
