0.0 753
1.0 1306
2.0 557
3.0 252
4.0 121
5.0 98
6.0 70
7.0 19
8.0 13
9.0 2
10.0 6
11.0 2
12.0 4
13.0 3
14.0 2
15.0 2
16.0 5
17.0 3
18.0 1
19.0 1
20.0 2
21.0 0
22.0 1
23.0 0
24.0 2
25.0 3
26.0 1
27.0 4
28.0 1
29.0 4
30.0 3
31.0 2
32.0 2
33.0 1
34.0 1
35.0 0
36.0 0
37.0 0
38.0 1
39.0 1
40.0 1
41.0 0
42.0 1
43.0 2
44.0 1
45.0 1
46.0 2
47.0 1
48.0 1
49.0 1
50.0 0
51.0 1
52.0 0
53.0 1
54.0 3
55.0 0
56.0 1
57.0 3
58.0 2
59.0 2
60.0 0
61.0 3
62.0 1
63.0 0
64.0 1
65.0 6
66.0 1
67.0 1
68.0 0
69.0 1
70.0 0
71.0 2
72.0 0
73.0 1
74.0 1
75.0 1
76.0 2
77.0 0
78.0 1
79.0 0
80.0 1
81.0 2
82.0 2
83.0 1
84.0 1
85.0 0
86.0 0
87.0 0
88.0 0
89.0 1
90.0 0
91.0 1
92.0 0
93.0 1
94.0 0
95.0 0
96.0 3
97.0 0
98.0 2
99.0 1
100.0 2
101.0 2
102.0 2
103.0 1
104.0 1
105.0 1
106.0 1
107.0 1
108.0 0
109.0 0
110.0 1
111.0 1
112.0 1
113.0 2
114.0 0
115.0 1
116.0 1
117.0 0
118.0 1
119.0 1
120.0 2
121.0 0
