0.0 898
1.0 1787
2.0 712
3.0 313
4.0 156
5.0 141
6.0 78
7.0 35
8.0 15
9.0 9
10.0 8
11.0 3
12.0 3
13.0 2
14.0 1
15.0 5
16.0 5
17.0 2
18.0 2
19.0 2
20.0 2
21.0 5
22.0 3
23.0 3
24.0 0
25.0 1
26.0 2
27.0 1
28.0 4
29.0 1
30.0 1
31.0 1
32.0 2
33.0 1
34.0 1
35.0 5
36.0 1
37.0 1
38.0 1
39.0 0
40.0 1
41.0 2
42.0 2
43.0 3
44.0 3
45.0 3
46.0 0
47.0 1
48.0 0
49.0 1
50.0 0
51.0 4
52.0 1
53.0 3
54.0 3
55.0 3
56.0 1
57.0 2
58.0 1
59.0 2
60.0 0
61.0 4
62.0 2
63.0 1
64.0 0
65.0 1
66.0 1
67.0 1
68.0 0
69.0 0
70.0 4
71.0 2
72.0 3
73.0 1
74.0 1
75.0 2
76.0 0
77.0 2
78.0 2
79.0 0
80.0 0
81.0 2
82.0 0
83.0 1
84.0 1
85.0 1
86.0 3
87.0 0
88.0 1
89.0 0
90.0 1
91.0 3
92.0 0
93.0 1
94.0 0
95.0 1
96.0 1
97.0 1
98.0 0
99.0 2
100.0 1
101.0 1
102.0 1
103.0 1
104.0 0
105.0 0
106.0 0
107.0 0
108.0 0
109.0 2
110.0 2
111.0 1
112.0 1
113.0 0
114.0 0
115.0 2
116.0 0
117.0 2
118.0 2
119.0 0
120.0 1
121.0 1
122.0 1
